$ 1 5.0E-6 10.20027730826997 50 5.0 43
v 336 112 336 256 0 1 50.0 240.0 0.0 0.0 0.5
c 336 256 432 256 0 1.0E-5 -14.060708541462738
w 336 256 336 304 0
w 432 256 432 304 0
w 336 304 336 336 0
d 336 304 384 304 1 0.805904783
d 384 304 432 304 1 0.805904783
w 336 112 544 112 0
c 544 112 544 192 0 1.0E-6 -31.565597535551408
w 544 112 608 112 0
r 608 112 608 192 0 510.0
w 544 192 608 192 0
r 544 192 544 256 0 47.0
w 384 304 384 288 0
w 384 288 544 288 0
w 544 256 544 288 0
g 336 464 336 480 0
r 336 336 432 336 0 10000.0
w 336 336 336 384 0
r 432 304 432 336 0 150.0
w 432 336 432 384 0
c 336 384 432 384 0 9.999999999999999E-5 -5.165540602864702
w 336 384 336 416 0
w 432 384 432 416 0
r 336 464 432 464 0 3000.0
z 336 416 432 416 1 0.805904783 5.0
w 432 416 432 464 0
w 336 416 336 464 0
o 26 64 0 35 10.0 0.025 0 -1
